6-A

Peso: 
24, 25, 27, 28, 28, 29, 30, 30, 31, 31, 32, 32, 34, 34, 34, 34, 35, 35, 35, 37, 38, 39, 40, 40, 40, 41, 43, 43, 45, 53, 55, 57, 61

Altura:
1.30, 1.32, 1.36, 1.38, 1.39, 1.39, 1.40, 1.40, 1.40, 1.40, 1.40, 1.41, 1.42, 1.42, 1.42, 1.42, 1.43, 1.43, 1.45, 1.47, 1.47, 1.47, 1.48, 
1.48, 1.50, 1.53, 1.54, 1.57, 1.57, 1.57, 1.58, 1.60, 1.62

-------------------------------------------------------------------------------------------------------------------

6-B

Peso:
27, 32, 32, 32, 32, 32, 32, 33, 33, 33, 33, 33, 34, 35, 37, 37, 38, 38, 40, 40, 40, 41, 42, 44, 45, 46, 47, 49, 49, 52, 59, 79

Altura:
1.36, 1.38, 1.38, 1.38, 1.39, 1.40, 1.40, 1.41, 1.42, 1.44, 1.44, 1.44, 1.46, 1.46, 1.47, 1.48, 1.48, 1.48, 1.48, 1.48, 1.49, 
1.50, 1.50, 1.51, 1.51, 1.51, 1.52, 1.52, 1.53, 1.59, 1.59, 1.60

-------------------------------------------------------------------------------------------------------------------

6-C

Peso:
25, 30, 30, 30, 31, 32, 32, 33, 33, 33, 34, 35, 35, 37, 37, 38, 39, 40, 40, 41, 41, 41, 42, 42, 42, 44, 45, 45, 47, 50, 55, 59, 60

Altura:
1.27, 1.37, 1.38, 1.38, 1.38, 1.39, 1.39, 1.39, 1.40, 1.40, 1.42, 1.42, 1.42, 1.45, 1.46, 1.46, 1.47, 1.47, 1.47, 1.48, 1.49, 1.49, 1.49, 
1.49, 1.50, 1.51, 1.51, 1.53, 1.60, 1.60, 1.60, 1.61, 1.62

-------------------------------------------------------------------------------------------------------------------

6-D

Peso:
26, 28, 28, 28, 28, 28, 28, 31, 31, 31, 32, 32, 33, 35, 35, 39, 40, 40, 41, 42, 42, 43, 43, 44, 
45, 52, 57, 58, 61, 63, 71, 73, 81, 81

Altura:
1.33, 1.33, 1.34, 1.36, 1.36, 1.36, 1.36, 1.37, 1.37, 1.39, 1.40, 1.40, 1.40, 1.40, 1.41, 1.42, 1.42, 
1.42, 1.43, 1.43, 1.43, 1.43, 1.44, 1.45, 1.46, 1.48, 1.50, 1.50, 1.50, 1.50, 1.51, 1.52, 1.52, 1.52

-------------------------------------------------------------------------------------------------------------------

6-E

Peso:
25, 27, 27, 28, 29, 30, 31, 31, 31, 31, 31, 31, 32, 34, 34, 35, 35, 36, 36, 36, 36, 37, 38, 38, 38, 
41, 43, 44, 44, 45, 45, 45, 47, 65

Altura:
1.31, 1.33, 1.36, 1.37, 1.38, 1.38, 1.39, 1.39, 1.40, 1.40, 1.40, 1.42, 1.42, 1.42, 1.43, 1.43, 1.45, 
1.46, 1.46, 1.48, 1.48, 1.48, 1.50, 1.50, 1.50, 1.50, 1.52, 1.52, 1.57, 1.57, 1.57, 1.59, 1.59, 1.65

-------------------------------------------------------------------------------------------------------------------

6-G:

Peso:
29, 30, 34, 36, 36, 37, 37, 37, 39, 42, 44, 45, 45, 46, 46, 47, 48, 49, 51, 52, 60, 68

Altura:
1.35, 1.35, 1.39, 1.41, 1.44, 1.47, 1.50, 1.52, 1.52, 1.56, 1.57, 1.57, 1.57, 1.58, 1.59, 1.60, 1.60, 1.67, 1.67, 1.68, 1.68, 1.68

-------------------------------------------------------------------------------------------------------------------

6-H

Peso:
31, 34, 34, 34, 35, 36, 37, 38, 39, 40, 41, 41, 42, 42, 43, 44, 45, 48, 48, 48, 52, 52, 55, 61, 88

Atura:
1.45, 1.48, 1.50, 1.51, 1.51, 1.53, 1.54, 1.55, 1.55, 1.56, 1.57, 1.57, 1.59, 1.60, 1.60, 1.61, 1.61, 
1.62, 1.64, 1.64, 1.65, 1.67, 1.67, 1.70, 1.72


